1.0       1.0       1.0       1.0
0.971640  0.886106  1.003630  1.0
0.960644  0.963827  0.995933  0.807653
1.0       1.0       1.0       1.0
0.994635  0.990877  1.007619  1.0
0.708218  1.0       1.0       1.0      
0.931484  0.736833  1.000080  1.0
1.170520  1.156390  1.023260  1.957310
0.990126  1.0       1.0       1.0     
1.0       1.0       1.0       1.0
1.019530  1.0       1.0       1.0     
0.989844  0.992291  0.997596  1.0
1.002350  1.0       1.0       1.0      
0.999268  1.003670  1.002529  1.0
1.107274  1.302576  0.982962  1.0
0.880880  1.191904  0.983565  1.0
0.880973  1.205769  0.982707  1.0
0.881067  1.219634  0.981849  1.0
0.881161  1.233498  0.980991  1.0
1.0       1.0       1.0       1.0
1.0       1.0       1.0       1.0


1.0       1.0       1.0       1.0
1.0       1.0       1.0       1.0
1.022740  0.835058  0.982361  0.982746
0.970120  0.816431  1.007960  1.0
0.945939  0.915502  1.0       1.0
0.746954  1.0       1.0       1.0      
0.902271  0.993476  0.942596  1.0
1.086320  0.408838  1.032270  1.0
1.005710  1.0       1.0       1.0     
1.021000  1.0       1.0       1.0 
0.946914  1.0       1.0       1.0     
0.973384  0.993556  1.0       1.0
0.959340  1.0       1.0       1.0     
0.945520  1.0       1.0       1.0
1.0       1.0       1.0       1.0
1.0       1.0       1.0       1.0
1.0       1.0       1.0       1.0
1.0       1.0       1.0       1.0
1.0       1.0       1.0       1.0
1.0       1.0       1.0       1.0
1.0       1.0       1.0       1.0
   
  
1.0       1.0       1.0       1.0
1.0       1.0       1.0       1.0
1.0       1.0       1.0       1.0
0.925053  0.969870  1.008510  0.370296
0.960237  1.0       1.0       1.0      
0.849408  1.0       1.0       1.0
0.955052  1.045290  1.007790  0.0
1.281790  1.0       1.0       1.0      
1.500000  0.900000  1.0       1.0
1.0       1.0       1.0       1.0
0.906849  1.0       1.0       1.0     
0.897362  1.0       1.0       1.0       
0.726255  1.0       1.0       1.0       
0.859764  1.0       1.0       1.0      
0.855134  1.066638  0.910183  1.0
0.831229  1.077634  0.895362  1.0
0.808310  1.088178  0.881152  1.0
0.786323  1.098291  0.867520  1.0
0.765171  1.108021  0.854406  1.0
1.0       1.0       1.0       1.0
1.0       1.0       1.0       1.0
   

1.0       1.0       1.0       1.0
1.0       1.0       1.0       1.0
1.0       1.0       1.0       1.0
1.0       1.0       1.0       1.0
1.022560  1.065173  0.986893  1.0
0.693168  1.0       1.0       1.0
0.946871  0.971926  0.999969  1.0
1.164460  1.616660  1.020340  1.0
1.0       1.0       1.0       1.0
1.0       1.0       1.0       1.0
1.0       1.250000  1.0       1.0
1.016060  1.250000  1.0       1.0
1.0       1.250000  1.0       1.0
1.005320  1.250000  1.0       1.0
1.0       1.0       1.0       1.0
1.0       1.0       1.0       1.0
1.0       1.0       1.0       1.0
1.0       1.0       1.0       1.0
1.0       1.0       1.0       1.0
1.0       1.0       1.0       1.0
1.0       1.0       1.0       1.0


1.0       1.0       1.0       1.0
1.0       1.0       1.0       1.0
1.0       1.0       1.0       1.0
1.0       1.0       1.0       1.0
1.0       1.0       1.0       1.0
1.0       1.0       1.0       1.0
1.0       1.0       1.0       1.0
1.034787  1.0       1.0       1.0
1.0       1.0       1.0       1.0
1.0       1.0       1.0       1.0
1.0       1.0       1.0       1.0
1.004900  1.0       1.0       1.0
1.0       1.0       1.0       1.0
1.0       1.0       1.0       1.0
1.0       1.0       1.0       1.0
1.0       1.0       1.0       1.0
1.0       1.0       1.0       1.0
1.0       1.0       1.0       1.0
1.0       1.0       1.0       1.0
1.0       1.0       1.0       1.0
1.0       1.0       1.0       1.0

1.0       1.0       1.0       1.0
1.0       1.0       1.0       1.0
1.0       1.0       1.0       1.0
1.0       1.0       1.0       1.0
1.0       1.0       1.0       1.0
1.0       1.0       1.0       1.0
1.0       1.0       1.0       1.0
1.0       1.0       1.0       1.0
1.0       1.0       1.0       1.0
1.0       1.0       1.0       1.0
1.0       1.0       1.0       1.0
1.0       1.0       1.0       1.0
1.0       1.0       1.0       1.0
1.0       1.0       1.0       1.0
1.0       1.0       1.0       1.0
1.0       1.0       1.0       1.0
1.0       1.0       1.0       1.0
1.0       1.0       1.0       1.0
1.0       1.0       1.0       1.0
1.0       1.0       1.0       1.0
1.0       1.0       1.0       1.0

1.0       1.0       1.0       1.0
1.0       1.0       1.0       1.0
1.0       1.0       1.0       1.0
1.0       1.0       1.0       1.0
1.0       1.0       1.0       1.0
1.0       1.0       1.0       1.0
1.0       1.0       1.0       1.0
1.0       1.0       1.0       1.0
1.0       1.0       1.0       1.0
1.0       1.0       1.0       1.0
1.0       1.0       1.0       1.0
1.0       1.0       1.0       1.0
1.0       1.0       1.0       1.0
1.0       1.0       1.0       1.0
1.008692  1.028973  0.968130  1.0
1.010126  1.033754  0.962872  1.0
1.011501  1.038338  0.957828  1.0
1.012821  1.042735  0.952441  1.0
1.014089  1.046966  0.948338  1.0
1.0       1.0       1.0       1.0
1.0       1.0       1.0       1.0

1.0       1.0       1.0       1.0
1.0       1.0       1.0       1.0
1.0       1.0       1.0       1.0
1.0       1.0       1.0       1.0
1.0       1.0       1.0       1.0
1.0       1.0       1.0       1.0
1.0       1.0       1.0       1.0
1.0       1.0       1.0       1.0
1.100000  1.0       1.0       1.0
1.0       1.0       1.0       1.0
1.300000  1.0       1.0       1.0
1.300000  1.0       1.0       1.0
1.0       1.0       1.0       1.0
1.0       1.0       1.0       1.0
1.0       1.0       1.0       1.0
1.0       1.0       1.0       1.0
1.0       1.0       1.0       1.0
1.0       1.0       1.0       1.0
1.0       1.0       1.0       1.0
1.0       1.0       1.0       1.0
1.0       1.0       1.0       1.0