16.0430  151.318300  0.4619255  0.0       0.0       0.0  0.0       0.0  
28.0135  99.737780   0.4479153  0.027815  0.0       0.0  0.0       0.0
44.0100  241.960600  0.4557489  0.189065  0.690000  0.0  0.0       0.0
30.0700  244.166700  0.5279209  0.079300  0.0       0.0  0.0       0.0
44.0970  298.118300  0.5837490  0.141239  0.0       0.0  0.0       0.0
18.0153  514.015600  0.3825868  0.332500  1.067750  0.0  1.582200  1.0
34.0820  296.355000  0.4618263  0.088500  0.633276  0.0  0.390000  0.0
2.0159   26.957940   0.3514916  0.034369  0.0       1.0  0.0       0.0
28.0100  105.534800  0.4533894  0.038953  0.0       0.0  0.0       0.0
31.9988  122.766700  0.4186954  0.021000  0.0       0.0  0.0       0.0
58.1230  324.068900  0.6406937  0.256692  0.0       0.0  0.0       0.0
58.1230  337.638900  0.6341423  0.281835  0.0       0.0  0.0       0.0
72.1500  365.599900  0.6738577  0.332267  0.0       0.0  0.0       0.0
72.1500  370.682300  0.6798307  0.366911  0.0       0.0  0.0       0.0
86.1770  402.636293  0.7175118  0.289731  0.0       0.0  0.0       0.0
100.2040 427.722630  0.7525189  0.337542  0.0       0.0  0.0       0.0
114.2310 450.325022  0.7849550  0.383381  0.0       0.0  0.0       0.0
128.2580 470.840891  0.8152731  0.427354  0.0       0.0  0.0       0.0
142.2850 489.558373  0.8437826  0.469659  0.0       0.0  0.0       0.0
4.0026   2.610111    0.3589888  0.0       0.0       0.0  0.0       0.0
39.9480  119.629900  0.4216551  0.0       0.0       0.0  0.0       0.0
