1   0.153832600 1 0 0  0.0 0 0 0 0 0
2   1.341953000 1 0 0  0.5 0 0 0 0 0
3  -2.998583300 1 0 0  1.0 0 0 0 0 0
4  -0.048312280 1 0 0  3.5 0 0 0 0 0
5   0.375796500 1 0 0 -0.5 1 0 0 0 0
6  -1.589575000 1 0 0  4.5 1 0 0 0 0
7  -0.053588470 1 0 0  0.5 0 1 0 0 0
8   0.886594630 1 0 0  7.5 0 0 0 1 0
9  -0.710237040 1 0 0  9.5 0 0 0 1 0
10 -1.471722000 1 0 0  6.0 0 0 0 0 1
11  1.321850350 1 0 0 12.0 0 0 0 0 1
12 -0.786659250 1 0 0 12.5 0 0 0 0 1
13  0.000000002291290 1 1 3 -6.0 0 0 1 0 0 
14  0.157672400 1 1 3  2.0 0 0 0 0 0
15 -0.436386400 1 1 2  3.0 0 0 0 0 0
16 -0.044081590 1 1 2  2.0 0 1 0 0 0
17 -0.003433888 1 1 4  2.0 0 0 0 0 0
18  0.032059050 1 1 4 11.0 0 0 0 0 0
19  0.024873550 2 0 0 -0.5 0 0 0 0 0
20  0.073322790 2 0 0  0.5 0 0 0 0 0
21 -0.001600573 2 1 2  0.0 0 0 0 0 0
22  0.642470600 2 1 2  4.0 0 0 0 0 0
23 -0.416260100 2 1 2  6.0 0 0 0 0 0
24 -0.066899570 2 1 4 21.0 0 0 0 0 0
25  0.279179500 2 1 4 23.0 1 0 0 0 0
26 -0.696605100 2 1 4 22.0 0 1 0 0 0
27 -0.002860589 2 1 4 -1.0 0 0 1 0 0
28 -0.008098836 3 0 0 -0.5 0 1 0 0 0
29  3.150547000 3 1 1  7.0 1 0 0 0 0
30  0.007224479 3 1 1 -1.0 0 0 1 0 0
31 -0.705752900 3 1 2  6.0 0 0 0 0 0
32  0.534979200 3 1 2  4.0 1 0 0 0 0
33 -0.079314910 3 1 3  1.0 1 0 0 0 0
34 -0.141465000 3 1 3  9.0 1 0 0 0 0
35 -0.0000000000000000599905 3 1 4 -13.0 0 0 1 0 0
36  0.105840200 3 1 4 21.0 0 0 0 0 0
37  0.034317290 3 1 4  8.0 0 1 0 0 0
38 -0.007022847 4 0 0 -0.5 0 0 0 0 0
39  0.024955870 4 0 0  0.0 0 0 0 0 0
40  0.042968180 4 1 2  2.0 0 0 0 0 0
41  0.746545300 4 1 2  7.0 0 0 0 0 0
42 -0.291961300 4 1 2  9.0 0 1 0 0 0
43  7.294616000 4 1 4 22.0 0 0 0 0 0
44 -9.936757000 4 1 4 23.0 0 0 0 0 0
45 -0.005399808 5 0 0  1.0 0 0 0 0 0
46 -0.243256700 5 1 2  9.0 0 0 0 0 0
47  0.049870160 5 1 2  3.0 0 1 0 0 0
48  0.003773797 5 1 4  8.0 0 0 0 0 0
49  1.874951000 5 1 4 23.0 0 1 0 0 0
50  0.002168144 6 0 0  1.5 0 0 0 0 0
51 -0.658716400 6 1 2  5.0 1 0 0 0 0
52  0.000205518 7 0 0 -0.5 0 1 0 0 0
53  0.009776195 7 1 2  4.0 0 0 0 0 0
54 -0.020487080 8 1 1  7.0 1 0 0 0 0
55  0.015573220 8 1 2  3.0 0 0 0 0 0
56  0.006862415 8 1 2  0.0 1 0 0 0 0
57 -0.001226752 9 1 2  1.0 0 0 0 0 0
58  0.002850908 9 1 2  0.0 0 1 0 0 0